       N       E                     dE             d eps       ncg     rms          rms(c)
RMM:   1     0.925594100084E+05    0.92559E+05   -0.25504E+06  3856   0.841E+02
RMM:   2     0.487511283605E+05   -0.43808E+05   -0.89418E+05  3856   0.326E+02
RMM:   3     0.453665866617E+05   -0.33845E+04   -0.20083E+05  3856   0.185E+02
RMM:   4     0.415417946419E+05   -0.38248E+04   -0.57007E+04  3856   0.116E+02
